349231
350407
351582
352758
353933
355108
356283
357459
358635
359810
360986
362161
363336
364511
365687
366862
368038
369214
370390
371566
372742
373918
375093
376269
377444
378619
379795
380971
382147
383322
384498
385674
386850
388026
389202
390378
391554
392730
393906
395082
396258
397434
398610
399786
400962
402138
403314
404489
405664
406839
408014
409189
410364
411539
412714
413889
415064
416239
417414
418589
419764
420939
422114
423289
424464
425639
426815
427991
429167
430343
431519
432695
433871
435047
436223
437399
438575
439751
440927
442103
443279
444454
445629
446804
447979
449154
450329
451504
452679
453854
455029
456204
457379
458554
459729
460904
462079
463254
464429
465604
466779
467954
469129
470304
471479
472654
473829
475004
476179
477354
478529
479704
480879
482054
483229
484405
485580
486755
487930
489105
490280
491455
492630
493805
494980
496155
497330
498505
499680
500855
502030
503205
504380
505556
506731
507906
509081
510257
511432
512608
513783
514958
516133
517308
518483
519658
520834
522010
523185
524360
525535
526710
527885
529060
530235
531410
532585
533760
534935
536111
537286
538461
539636
540812
541988
543164
544339
545514
546690
547866
549042
550217
551392
552568
553743
554918
556094
557269
558444
559619
560794
561969
563144
564320
565496
566672
567848
569024
570200
571376
572552
573728
574903
576078
577253
578428
579603
580778
581953
583128
584303
585479
586655
587831
589007
590183
591358
592533
593708
594883
596058
597233
598408
599583
600759
601934
603109
604285
605461
606636
607811
608986
610161
611336
612511
613686
614861
616036
617211
618386
619561
620736
621911
623086
624262
625438
626614
627790
628966
630142
631318
632494
633670
634846
636022
636023
636024
637200
638376
639552
640728
641904
643080
643081
644257
645433
646609
647784
648960
650136
651312
652488
653664
654840
656016
657192
658368
659544
660719
661894
663070
664246
665422
666598
667774
668950
670126
671302
672478
673654
674830
676006
677182
678358
678359
679535
680711
681887
683063
684239
685415
686591
687767
688943
690119
691294
692470
692471
693647
694823
695999
697175
698351
699526
700701
701876
703051
704227
705403
706579
707755
708931
710107
711282
712457
713633
714809
715985
717161
718337
719513
720689
721865
723041
724217
725392
726567
727742
728917
730092
731267
732442
733618
734794
735970
737146
738322
739498
740674
741850
743026
744202
745378
746554
747730
748906
750082
751258
752434
753610
754786
755962
757138
758314
759490
760666
761841
763016
764191
765366
766541
767717
768893
770069
771245
772421
773597
774773
775949
777125
778301
779477
780653
781829
783005
784181
785357
786533
787709
788885
790061
791237
792413
793589
794765
795941
797117
798293
799469
800645
801821
802997
804173
805349
806525
807701
808877
810053
811229
812405
813581
814757
815933
817109
818285
819461
820637
821813
822989
824165
825341
826517
827693
828869
830045
831221
832397
833573
834749
835925
837101
838277
839453
840629
841805
842981
844157
845333
846509
847685
848861
850037
851213
852389
853565
854741
855917
857093
858269
859445
860620
861795
862970
864145
865320
866495
867670
868845
870020
871195
872370
873545
874720
875895
877070
878246
879422
880598
881774
882950
884126
885301
886477
887653
888829
890005
891181
892357
893533
894709
895885
897061
898237
899413
900589
901765
902940
904116
905292
906468
907644
908820
909996
911172
912348
913524
914700
915876
917052
918228
919404
920580
921756
921757
921758
921759
922935
924111
925287
926463
927639
928815
929991
931167
932343
933519
933520
933521
934697
935873
937049
937050
938226
939402
940578
941754
942930
944106
945282
946458
947634
948810
949985
951160
952335
953511
954687
955862
957038
958213
